## Name:	CTCF
## Length:	20
## Accession:	M01200
## Consensus:	NNNGCCASCAGRKGGCRSNN
## ID:	V$CTCF_01
A	C	G	T
0.22	0.24	0.33	0.22	
0.06	0.35	0.21	0.37	
0.2	0.19	0.41	0.19	
0.28	0.06	0.57	0.09	
0.05	0.87	0.05	0.03	
0.02	0.96	0.01	0.01	
0.67	0.02	0.14	0.16	
0.05	0.53	0.41	0.01	
0.13	0.54	0.12	0.21	
0.9	0.02	0.04	0.05	
0.01	0.01	0.97	0.01	
0.39	0.01	0.59	0.01	
0.03	0.02	0.62	0.33	
0.02	0.01	0.97	0.01	
0.02	0.03	0.91	0.04	
0.17	0.72	0.02	0.1	
0.39	0.02	0.51	0.08	
0.04	0.52	0.41	0.03	
0.15	0.38	0.14	0.34	
0.31	0.28	0.33	0.08	
