A	C	G	T
0.217822	0.237624	0.326733	0.217822
0.060606	0.353535	0.212121	0.373737
0.202020	0.191919	0.414141	0.191919
0.280000	0.060000	0.570000	0.090000
0.050000	0.870000	0.050000	0.030000
0.020000	0.960000	0.010000	0.010000
0.676768	0.020202	0.141414	0.161616
0.050000	0.530000	0.410000	0.010000
0.130000	0.540000	0.120000	0.210000
0.891089	0.019802	0.039604	0.049505
0.010000	0.010000	0.970000	0.010000
0.390000	0.010000	0.590000	0.010000
0.030000	0.020000	0.620000	0.330000
0.019802	0.009901	0.960396	0.009901
0.020000	0.030000	0.910000	0.040000
0.168317	0.712871	0.019802	0.099010
0.390000	0.020000	0.510000	0.080000
0.040000	0.520000	0.410000	0.030000
0.148515	0.376238	0.138614	0.336634
0.310000	0.280000	0.330000	0.080000
